rouge1.f1: 0.75
rouge1.precision: 0.75
rouge1.recall: 0.75
rougeL.f1: 0.75
rougeL.precision: 0.75
rougeL.recall: 0.75
bertS.f1: 0.9607297420501709
bertS.precision: 0.9529699206352233
bertS.recall: 0.969476842880249
