rouge1.f1: 0.4396312012153596
rouge1.precision: 0.4342715040734843
rouge1.recall: 0.4768033946251768
rougeL.f1: 0.4380727120331081
rougeL.precision: 0.4325197904405825
rougeL.recall: 0.4753889674681754
bertS.f1: 0.9491702831617677
bertS.precision: 0.9459598837512555
bertS.recall: 0.9532008595985941
